       915.000   2.43460e-21
       925.000   1.31032e-20
       935.000   1.88194e-20
       945.000   2.62034e-20
       955.000   3.59691e-20
       965.000   4.58846e-20
       975.000   4.84980e-20
       985.000   6.68232e-20
       995.000   7.73694e-20
       1005.00   9.95713e-20
       1015.00   1.18502e-19
       1025.00   1.17679e-19
       1035.00   1.69068e-19
       1045.00   2.07159e-19
       1055.00   2.47201e-19
       1065.00   2.86755e-19
       1075.00   3.46634e-19
       1085.00   4.10662e-19
       1095.00   4.70941e-19
       1105.00   1.06838e-18
       1115.00   2.66666e-18
       1125.00   3.51970e-18
       1135.00   4.63334e-18
       1145.00   5.45231e-18
       1155.00   5.72767e-18
       1165.00   7.08436e-18
       1175.00   7.68231e-18
       1185.00   8.08882e-18
       1195.00   4.18873e-18
       1205.00   3.05111e-18
       1215.00   6.76804e-19
       1225.00   3.33065e-18
       1235.00   8.26133e-18
       1245.00   1.44892e-17
       1255.00   2.47418e-17
       1265.00   2.87358e-17
       1275.00   4.46972e-17
       1285.00   1.04165e-16
       1295.00   1.74681e-16
       1305.00   1.80199e-16
       1315.00   4.14026e-16
       1325.00   5.96689e-16
       1335.00   7.40884e-16
       1345.00   1.11459e-15
       1355.00   1.10950e-15
       1365.00   1.20111e-15
       1375.00   1.18396e-15
       1385.00   9.09665e-16
       1395.00   9.54593e-16
       1405.00   1.51794e-15
       1415.00   2.15170e-15
       1425.00   2.51982e-15
       1435.00   2.26833e-15
       1442.00   2.91676e-15
       1447.00   2.94960e-15
       1455.00   3.48955e-15
       1465.00   3.20592e-15
       1475.00   3.36194e-15
       1485.00   3.63007e-15
       1495.00   4.06206e-15
       1505.00   4.34845e-15
       1512.00   3.95118e-15
       1517.00   4.09776e-15
       1525.00   4.13323e-15
       1535.00   6.62884e-15
       1545.00   9.52852e-15
       1555.00   7.84370e-15
       1565.00   6.12391e-15
       1575.00   9.40171e-15
       1585.00   1.07275e-14
       1595.00   1.15651e-14
       1605.00   1.13401e-14
       1615.00   1.27932e-14
       1625.00   1.30290e-14
       1635.00   1.60703e-14
       1645.00   2.30411e-14
       1655.00   1.56487e-14
       1665.00   2.49599e-14
       1672.00   1.55784e-14
       1677.00   2.48574e-14
       1685.00   2.91908e-14
       1695.00   2.42865e-14
       1705.00   2.48229e-14
       1715.00   2.76318e-14
       1725.00   2.74214e-14
       1735.00   3.06748e-14
       1745.00   2.92334e-14
       1755.00   3.31500e-14
       1765.00   2.59432e-14
       1775.00   3.12160e-14
       1785.00   3.11639e-14
       1795.00   3.51721e-14
       1805.00   3.18744e-14
       1815.00   3.23931e-14
       1825.00   2.97947e-14
       1835.00   2.93739e-14
       1845.00   2.61137e-14
       1855.00   2.81422e-14
       1865.00   2.93460e-14
       1875.00   2.97064e-14
       1885.00   2.98611e-14
       1895.00   3.05431e-14
       1905.00   2.82839e-14
       1915.00   3.05893e-14
       1925.00   3.08900e-14
       1935.00   2.73197e-14
       1945.00   3.16684e-14
       1955.00   3.13447e-14
       1967.00   3.27350e-14
       1976.00   3.16678e-14
       1984.00   3.07169e-14
       1995.00   2.96997e-14
       2005.00   2.82983e-14
       2015.00   2.80294e-14
       2025.00   2.62095e-14
       2035.00   2.85289e-14
       2045.00   3.03084e-14
       2055.00   2.88631e-14
       2065.00   2.80369e-14
       2074.00   3.05282e-14
       2078.00   3.12560e-14
       2085.00   3.04237e-14
       2095.00   2.91366e-14
       2105.00   2.77174e-14
       2115.00   2.80233e-14
       2125.00   2.87174e-14
       2135.00   2.37121e-14
       2145.00   2.72281e-14
       2155.00   2.71726e-14
       2165.00   2.54547e-14
       2175.00   2.51314e-14
       2185.00   2.60806e-14
       2195.00   2.78896e-14
       2205.00   2.67838e-14
       2215.00   2.43012e-14
       2225.00   2.43615e-14
       2235.00   2.77093e-14
       2245.00   2.47649e-14
       2255.00   2.39350e-14
       2265.00   2.38084e-14
       2275.00   2.55996e-14
       2285.00   2.66169e-14
       2295.00   2.46777e-14
       2305.00   2.50536e-14
       2315.00   2.46885e-14
       2325.00   2.44481e-14
       2335.00   2.30443e-14
       2345.00   2.04634e-14
       2355.00   2.48014e-14
       2365.00   2.12396e-14
       2375.00   2.33093e-14
       2385.00   1.94516e-14
       2395.00   2.16749e-14
       2405.00   2.08503e-14
       2415.00   2.13407e-14
       2425.00   2.37334e-14
       2435.00   2.28421e-14
       2445.00   2.43776e-14
       2455.00   2.37259e-14
       2465.00   2.38175e-14
       2475.00   2.25122e-14
       2485.00   2.33723e-14
       2495.00   2.24601e-14
       2505.00   2.56963e-14
       2513.00   2.26097e-14
       2518.00   2.30050e-14
       2525.00   2.12905e-14
       2535.00   2.06596e-14
       2545.00   2.03758e-14
       2555.00   2.22628e-14
       2565.00   2.23711e-14
       2575.00   2.43968e-14
       2585.00   2.46528e-14
       2595.00   2.41749e-14
       2605.00   2.31210e-14
       2615.00   2.25254e-14
       2625.00   2.48098e-14
       2635.00   2.49884e-14
       2645.00   2.83565e-14
       2655.00   2.82462e-14
       2665.00   2.55874e-14
       2675.00   2.68545e-14
       2685.00   2.70328e-14
       2695.00   2.53552e-14
       2705.00   2.60431e-14
       2715.00   2.44986e-14
       2725.00   2.47912e-14
       2735.00   2.68279e-14
       2745.00   2.22985e-14
       2755.00   2.31723e-14
       2765.00   2.41507e-14
       2775.00   2.61544e-14
       2785.00   2.52732e-14
       2795.00   1.74520e-14
       2805.00   2.01594e-14
       2815.00   2.71821e-14
       2825.00   2.75457e-14
       2835.00   2.65543e-14
       2845.00   2.55460e-14
       2855.00   2.44003e-14
       2865.00   2.64047e-14
       2875.00   2.57666e-14
       2885.00   2.63758e-14
       2895.00   2.53351e-14
       2910.00   2.81196e-14
       2930.00   2.70678e-14
       2950.00   2.69057e-14
       2970.00   2.74145e-14
       2990.00   2.75535e-14
       3010.00   2.78440e-14
       3030.00   2.76890e-14
       3050.00   2.76052e-14
       3070.00   2.75268e-14
       3090.00   2.78264e-14
       3110.00   2.72558e-14
       3130.00   2.71958e-14
       3150.00   2.76842e-14
       3170.00   2.75627e-14
       3190.00   2.64272e-14
       3210.00   2.69534e-14
       3230.00   2.62722e-14
       3250.00   2.68183e-14
       3270.00   2.70611e-14
       3290.00   2.73167e-14
       3310.00   2.74558e-14
       3330.00   2.69340e-14
       3350.00   2.65658e-14
       3370.00   2.65219e-14
       3390.00   2.64216e-14
       3410.00   2.67650e-14
       3430.00   2.68025e-14
       3450.00   2.66072e-14
       3470.00   2.63396e-14
       3490.00   2.62996e-14
       3510.00   2.66241e-14
       3530.00   2.65906e-14
       3550.00   2.67453e-14
       3570.00   2.61258e-14
       3590.00   2.60118e-14
       3610.00   2.60016e-14
       3630.00   2.60821e-14
       3640.00   2.58938e-14
       3650.00   2.63860e-14
       3670.00   2.63115e-14
       3690.00   2.52373e-14
       3710.00   2.60798e-14
       3730.00   2.68101e-14
       3750.00   3.36526e-14
       3770.00   3.58382e-14
       3790.00   4.39305e-14
       3810.00   5.16727e-14
       3830.00   4.08078e-14
       3850.00   5.78305e-14
       3870.00   6.60600e-14
       3890.00   3.64894e-14
       3910.00   6.64960e-14
       3930.00   6.78777e-14
       3950.00   6.66888e-14
       3970.00   3.48888e-14
       3990.00   6.40848e-14
       4010.00   7.50341e-14
       4030.00   7.58322e-14
       4050.00   7.46101e-14
       4070.00   6.95816e-14
       4090.00   5.16639e-14
       4110.00   3.91271e-14
       4130.00   6.53758e-14
       4150.00   7.04538e-14
       4170.00   7.07972e-14
       4190.00   7.00269e-14
       4210.00   6.95872e-14
       4230.00   6.79922e-14
       4250.00   6.75580e-14
       4270.00   6.57677e-14
       4290.00   6.47930e-14
       4310.00   5.90571e-14
       4330.00   4.31664e-14
       4350.00   3.67088e-14
       4370.00   5.78319e-14
       4390.00   6.09163e-14
       4410.00   6.09017e-14
       4430.00   6.07542e-14
       4450.00   6.08295e-14
       4470.00   6.02453e-14
       4490.00   5.93082e-14
       4510.00   5.93930e-14
       4530.00   5.82487e-14
       4550.00   5.70908e-14
       4570.00   5.75205e-14
       4590.00   5.64237e-14
       4610.00   5.66439e-14
       4630.00   5.53560e-14
       4650.00   5.53532e-14
       4670.00   5.47805e-14
       4690.00   5.33707e-14
       4710.00   5.16558e-14
       4730.00   5.28204e-14
       4750.00   5.23086e-14
       4770.00   5.15087e-14
       4790.00   5.06501e-14
       4810.00   4.92358e-14
       4830.00   4.60299e-14
       4850.00   3.49757e-14
       4870.00   2.82346e-14
       4890.00   4.30500e-14
       4910.00   4.63060e-14
       4930.00   4.62771e-14
       4950.00   4.65800e-14
       4970.00   4.65849e-14
       4990.00   4.58285e-14
       5010.00   4.48303e-14
       5030.00   4.50712e-14
       5050.00   4.44114e-14
       5070.00   4.43569e-14
       5090.00   4.38683e-14
       5110.00   4.34969e-14
       5130.00   4.29085e-14
       5150.00   4.23216e-14
       5170.00   4.12303e-14
       5190.00   4.09505e-14
       5210.00   4.09908e-14
       5230.00   4.03045e-14
       5250.00   4.05265e-14
       5270.00   3.92797e-14
       5290.00   3.96442e-14
       5310.00   3.90312e-14
       5330.00   3.83926e-14
       5350.00   3.85401e-14
       5370.00   3.79798e-14
       5390.00   3.76658e-14
       5410.00   3.70874e-14
       5430.00   3.69128e-14
       5450.00   3.66533e-14
       5470.00   3.63249e-14
       5490.00   3.60499e-14
       5510.00   3.57250e-14
       5530.00   3.52598e-14
       5550.00   3.50771e-14
       5570.00   3.46579e-14
       5590.00   3.42812e-14
       5610.00   3.40318e-14
       5630.00   3.37929e-14
       5650.00   3.34513e-14
       5670.00   3.30903e-14
       5690.00   3.28353e-14
       5710.00   3.25276e-14
       5730.00   3.22986e-14
       5750.00   3.19466e-14
       5770.00   3.16732e-14
       5790.00   3.13686e-14
       5810.00   3.10913e-14
       5830.00   3.08178e-14
       5850.00   3.05166e-14
       5870.00   3.02340e-14
       5890.00   2.96809e-14
       5910.00   2.96927e-14
       5930.00   2.94260e-14
       5950.00   2.91475e-14
       5970.00   2.88959e-14
       5990.00   2.86049e-14
       6010.00   2.83179e-14
       6030.00   2.80986e-14
       6050.00   2.78583e-14
       6070.00   2.76339e-14
       6090.00   2.73730e-14
       6110.00   2.71111e-14
       6130.00   2.68082e-14
       6150.00   2.64522e-14
       6170.00   2.63071e-14
       6190.00   2.61856e-14
       6210.00   2.59586e-14
       6230.00   2.56983e-14
       6250.00   2.53356e-14
       6270.00   2.52878e-14
       6290.00   2.50707e-14
       6310.00   2.48029e-14
       6330.00   2.46117e-14
       6350.00   2.42829e-14
       6370.00   2.41093e-14
       6390.00   2.39727e-14
       6410.00   2.36957e-14
       6430.00   2.35011e-14
       6450.00   2.31455e-14
       6470.00   2.30162e-14
       6490.00   2.26662e-14
       6510.00   2.22927e-14
       6530.00   2.14135e-14
       6550.00   1.83710e-14
       6570.00   1.47930e-14
       6590.00   2.01042e-14
       6610.00   2.11961e-14
       6630.00   2.13780e-14
       6650.00   2.13279e-14
       6670.00   2.11995e-14
       6690.00   2.10707e-14
       6710.00   2.09241e-14
       6730.00   2.07657e-14
       6750.00   2.05783e-14
       6770.00   2.04454e-14
       6790.00   2.02757e-14
       6810.00   2.01091e-14
       6830.00   1.99313e-14
       6850.00   1.97735e-14
       6870.00   1.96228e-14
       6890.00   1.94652e-14
       6910.00   1.93070e-14
       6930.00   1.91454e-14
       6950.00   1.89950e-14
       6970.00   1.88378e-14
       6990.00   1.86935e-14
       7010.00   1.85089e-14
       7030.00   1.83776e-14
       7050.00   1.82408e-14
       7070.00   1.81019e-14
       7090.00   1.79604e-14
       7110.00   1.76689e-14
       7130.00   1.76448e-14
       7150.00   1.75131e-14
       7170.00   1.73814e-14
       7190.00   1.72387e-14
       7210.00   1.71119e-14
       7230.00   1.69768e-14
       7250.00   1.68340e-14
       7270.00   1.67252e-14
       7290.00   1.65718e-14
       7310.00   1.64520e-14
       7330.00   1.63259e-14
       7350.00   1.62145e-14
       7370.00   1.60930e-14
       7390.00   1.59550e-14
       7410.00   1.58121e-14
       7430.00   1.56814e-14
       7450.00   1.55764e-14
       7470.00   1.54205e-14
       7490.00   1.53205e-14
       7510.00   1.52319e-14
       7530.00   1.51265e-14
       7550.00   1.50255e-14
       7570.00   1.49056e-14
       7590.00   1.47977e-14
       7610.00   1.46862e-14
       7630.00   1.45756e-14
       7650.00   1.44597e-14
       7670.00   1.43369e-14
       7690.00   1.42399e-14
       7710.00   1.41291e-14
       7730.00   1.40422e-14
       7750.00   1.39304e-14
       7770.00   1.36127e-14
       7790.00   1.37361e-14
       7810.00   1.36330e-14
       7830.00   1.35167e-14
       7850.00   1.34057e-14
       7870.00   1.32929e-14
       7890.00   1.31854e-14
       7910.00   1.31145e-14
       7930.00   1.30181e-14
       7950.00   1.29104e-14
       7970.00   1.28593e-14
       7990.00   1.27065e-14
       8010.00   1.26659e-14
       8046.00   1.23220e-14
       8074.00   1.22360e-14
       8101.00   1.22930e-14
       8129.00   1.22650e-14
       8156.00   1.19890e-14
       8184.00   1.18850e-14
       8212.00   1.17260e-14
       8239.00   1.17760e-14
       8267.00   1.17290e-14
       8294.00   1.15390e-14
       8322.00   1.13840e-14
       8350.00   1.13410e-14
       8377.00   1.12210e-14
       8405.00   1.10800e-14
       8432.00   1.09110e-14
       8460.00   1.06230e-14
       8488.00   1.04000e-14
       8515.00   1.03370e-14
       8543.00   1.04810e-14
       8570.00   1.06350e-14
       8598.00   1.02190e-14
       8626.00   1.00770e-14
       8653.00   1.01460e-14
       8681.00   1.00910e-14
       8708.00   9.89480e-15
       8736.00   9.65170e-15
       8764.00   9.62500e-15
       8791.00   1.00830e-14
       8819.00   9.93310e-15
       8846.00   9.68300e-15
       8874.00   9.74640e-15
       8902.00   9.90990e-15
       8929.00   9.84130e-15
       8957.00   9.65180e-15
       8984.00   9.32750e-15
       9012.00   9.11990e-15
       9040.00   9.31740e-15
       9067.00   9.70870e-15
       9095.00   9.76250e-15
       9122.00   9.83820e-15
       9150.00   9.66690e-15
       9178.00   9.20650e-15
       9205.00   8.68810e-15
       9233.00   8.38260e-15
       9260.00   8.52030e-15
       9288.00   8.79960e-15
       9316.00   9.05550e-15
       9343.00   9.14880e-15
       9371.00   9.05680e-15
       9398.00   8.92440e-15
       9426.00   8.82280e-15
       9454.00   8.69020e-15
       9481.00   8.42270e-15
       9509.00   8.05760e-15
       9536.00   7.79310e-15
       9564.00   7.75980e-15
       9592.00   7.94180e-15
       9619.00   8.14790e-15
       9647.00   8.22410e-15
       9674.00   8.27240e-15
       9702.00   8.30320e-15
       9730.00   8.28050e-15
       9757.00   8.20990e-15
       9785.00   8.10690e-15
       9812.00   8.04100e-15
       9840.00   7.98270e-15
       9868.00   7.93800e-15
       9895.00   7.85570e-15
       9923.00   7.73460e-15
       9950.00   7.60490e-15
       9978.00   7.26800e-15
       10006.0   6.87580e-15
       10033.0   6.61190e-15
       10061.0   6.63860e-15
       10088.0   6.80560e-15
       10116.0   6.93530e-15
       10144.0   7.05960e-15
       10171.0   7.17610e-15
       10199.0   7.16640e-15
       10226.0   7.05870e-15
       10254.0   6.98600e-15
       10282.0   6.96350e-15
       10309.0   6.93090e-15
       10337.0   6.90420e-15
       10364.0   6.87110e-15
       10392.0   6.79710e-15
       10420.0   6.72040e-15
       10447.0   6.61990e-15
       10475.0   6.55130e-15
       10502.0   6.52710e-15
       10530.0   6.42030e-15
       10558.0   6.27510e-15
       10585.0   6.19510e-15
       10613.0   6.14220e-15
       10640.0   6.10920e-15
       10668.0   6.10730e-15
       10696.0   6.05050e-15
       10723.0   6.02050e-15
       10751.0   5.94790e-15
       10778.0   5.87970e-15
       10806.0   5.85890e-15
       10834.0   5.77300e-15
       10861.0   5.59850e-15
       10889.0   5.32280e-15
       10916.0   5.00340e-15
       10944.0   4.94810e-15
       10972.0   5.04560e-15
       10999.0   5.20760e-15
       11027.0   5.30080e-15
       11054.0   5.32940e-15
       11082.0   5.33030e-15
       11110.0   5.33240e-15
       11137.0   5.34460e-15
       11165.0   5.29600e-15
       11192.0   5.23900e-15
       11220.0   5.20780e-15
       11248.0   5.14760e-15
       11275.0   5.06480e-15
       11303.0   4.97540e-15
       11330.0   4.95490e-15
       11358.0   4.94390e-15
       11386.0   4.93450e-15
       11413.0   4.92540e-15
       11441.0   4.95060e-15
       11468.0   4.93680e-15
       11496.0   4.84770e-15
       11524.0   4.80740e-15
       11551.0   4.78250e-15
       11579.0   4.75690e-15
       11606.0   4.72810e-15
       11634.0   4.63120e-15
       11662.0   4.56850e-15
       11689.0   4.52030e-15
       11719.0   4.46790e-15
       11759.0   4.39170e-15
       11800.0   4.38410e-15
       11840.0   4.35940e-15
       11880.0   4.31030e-15
       11920.0   4.27780e-15
       11960.0   4.22360e-15
       12000.0   4.16390e-15
       12040.0   4.12670e-15
       12080.0   4.07650e-15
       12120.0   4.06160e-15
       12160.0   4.03580e-15
       12200.0   4.01210e-15
       12240.0   3.95390e-15
       12280.0   3.92360e-15
       12321.0   3.85990e-15
       12361.0   3.78550e-15
       12401.0   3.73500e-15
       12441.0   3.69400e-15
       12481.0   3.65700e-15
       12521.0   3.58240e-15
       12561.0   3.50830e-15
       12601.0   3.48570e-15
       12641.0   3.47320e-15
       12681.0   3.46060e-15
       12721.0   3.36690e-15
       12761.0   3.23480e-15
       12802.0   3.10160e-15
       12842.0   3.06710e-15
       12882.0   3.10230e-15
       12922.0   3.12770e-15
       12962.0   3.15430e-15
       13002.0   3.12810e-15
       13042.0   3.12970e-15
       13082.0   3.11300e-15
       13122.0   3.07400e-15
       13162.0   3.05830e-15
       13202.0   3.02990e-15
       13242.0   2.99330e-15
       13282.0   2.95020e-15
       13323.0   2.91090e-15
       13363.0   2.89290e-15
       13403.0   2.89050e-15
       13443.0   2.87070e-15
       13483.0   2.84620e-15
       13523.0   2.82770e-15
       13563.0   2.79640e-15
       13603.0   2.76910e-15
       13643.0   2.74430e-15
       13683.0   2.70640e-15
       13723.0   2.66570e-15
       13763.0   2.63970e-15
       13804.0   2.60730e-15
       13844.0   2.57090e-15
       13884.0   2.55610e-15
       13924.0   2.54770e-15
       13964.0   2.51590e-15
       14004.0   2.47910e-15
       14044.0   2.46420e-15
       14084.0   2.45000e-15
       14124.0   2.41930e-15
       14164.0   2.39050e-15
       14204.0   2.37230e-15
       14244.0   2.35060e-15
       14284.0   2.32130e-15
       14325.0   2.30740e-15
       14365.0   2.29660e-15
       14405.0   2.28290e-15
       14445.0   2.25790e-15
       14485.0   2.23280e-15
       14525.0   2.21890e-15
       14565.0   2.19350e-15
       14605.0   2.15010e-15
       14645.0   2.12040e-15
       14685.0   2.10810e-15
       14725.0   2.09790e-15
       14765.0   2.08970e-15
       14806.0   2.06720e-15
       14846.0   2.05340e-15
       14886.0   2.05830e-15
       14926.0   2.03910e-15
       14966.0   1.99890e-15
       15006.0   1.97310e-15
       15046.0   1.95330e-15
       15086.0   1.93890e-15
       15126.0   1.92230e-15
       15166.0   1.89970e-15
       15206.0   1.88050e-15
       15246.0   1.86680e-15
       15286.0   1.84380e-15
       15327.0   1.82790e-15
       15367.0   1.81850e-15
       15407.0   1.80870e-15
       15447.0   1.80140e-15
       15487.0   1.78100e-15
       15527.0   1.76420e-15
       15567.0   1.75170e-15
       15607.0   1.73320e-15
       15647.0   1.70490e-15
       15687.0   1.68260e-15
       15727.0   1.66600e-15
       15767.0   1.66130e-15
       15808.0   1.64740e-15
       15848.0   1.62930e-15
       15888.0   1.60840e-15
       15928.0   1.59250e-15
       15968.0   1.58640e-15
       16008.0   1.57820e-15
       16048.0   1.55490e-15
       16088.0   1.53000e-15
       16128.0   1.51860e-15
       16168.0   1.52040e-15
       16208.0   1.52680e-15
       16248.0   1.52560e-15
       16288.0   1.51210e-15
       16329.0   1.48660e-15
       16369.0   1.44760e-15
       16409.0   1.41510e-15
       16449.0   1.40740e-15
       16489.0   1.41500e-15
       16529.0   1.42380e-15
       16569.0   1.43080e-15
       16609.0   1.42920e-15
       16649.0   1.40830e-15
       16689.0   1.38040e-15
       16729.0   1.35540e-15
       16769.0   1.31640e-15
       16810.0   1.27190e-15
       16850.0   1.26940e-15
       16890.0   1.28520e-15
       16930.0   1.29350e-15
       16970.0   1.30320e-15
       17010.0   1.30590e-15
       17050.0   1.30190e-15
       17090.0   1.28750e-15
       17130.0   1.27920e-15
       17170.0   1.26850e-15
       17210.0   1.24800e-15
       17250.0   1.22570e-15
       17290.0   1.18970e-15
       17331.0   1.15380e-15
       17371.0   1.12960e-15
       17411.0   1.12770e-15
       17451.0   1.14080e-15
       17491.0   1.15280e-15
       17531.0   1.15690e-15
       17571.0   1.15910e-15
       17611.0   1.16000e-15
       17651.0   1.15470e-15
       17691.0   1.15040e-15
       17731.0   1.14420e-15
       17771.0   1.13060e-15
       17812.0   1.11520e-15
       17852.0   1.10390e-15
       17892.0   1.09680e-15
       17932.0   1.08880e-15
       17972.0   1.07630e-15
       18012.0   1.05960e-15
       18052.0   1.03960e-15
       18092.0   1.01590e-15
       18148.0   9.91630e-16
       18204.0   9.74410e-16
       18261.0   9.76410e-16
       18318.0   9.79960e-16
       18375.0   9.84320e-16
       18431.0   9.86140e-16
       18488.0   9.71650e-16
       18545.0   9.53710e-16
       18602.0   9.38210e-16
       18658.0   9.11430e-16
       18715.0   8.84190e-16
       18772.0   8.62220e-16
       18829.0   8.67650e-16
       18885.0   8.81630e-16
       18942.0   8.85540e-16
       18999.0   8.81090e-16
       19056.0   8.69890e-16
       19113.0   8.51570e-16
       19169.0   8.44300e-16
       19226.0   8.31930e-16
       19283.0   8.16230e-16
       19340.0   8.00110e-16
       19396.0   7.75590e-16
       19453.0   7.57870e-16
       19510.0   7.59350e-16
       19567.0   7.66270e-16
       19623.0   7.66870e-16
       19680.0   7.63860e-16
       19737.0   7.60250e-16
       19794.0   7.52250e-16
       19850.0   7.44440e-16
       19907.0   7.35120e-16
       19964.0   7.28120e-16
       20021.0   7.21840e-16
       20078.0   7.13250e-16
       20134.0   7.10760e-16
       20191.0   7.08100e-16
       20248.0   7.00860e-16
       20305.0   6.91300e-16
       20361.0   6.82370e-16
       20418.0   6.77820e-16
       20475.0   6.75570e-16
       20532.0   6.70130e-16
       20588.0   6.60310e-16
       20645.0   6.51820e-16
       20702.0   6.45330e-16
       20759.0   6.39410e-16
       20815.0   6.37230e-16
       20872.0   6.26930e-16
       20929.0   6.16610e-16
       20986.0   6.10600e-16
       21043.0   6.07020e-16
       21099.0   6.00690e-16
       21156.0   5.93410e-16
       21213.0   5.86960e-16
       21270.0   5.79720e-16
       21326.0   5.73960e-16
       21383.0   5.65850e-16
       21440.0   5.56140e-16
       21497.0   5.47300e-16
       21553.0   5.38980e-16
       21610.0   5.23630e-16
       21667.0   5.10480e-16
       21724.0   5.10920e-16
       21781.0   5.15660e-16
       21837.0   5.18820e-16
       21894.0   5.18350e-16
       21951.0   5.14560e-16
       22008.0   5.09980e-16
       22064.0   5.07000e-16
       22121.0   5.02770e-16
       22178.0   4.97220e-16
       22235.0   4.94840e-16
       22291.0   4.94150e-16
       22348.0   4.91180e-16
       22405.0   4.86420e-16
       22462.0   4.81240e-16
       22518.0   4.77060e-16
       22575.0   4.71340e-16
       22632.0   4.64300e-16
       22689.0   4.55830e-16
       22746.0   4.52000e-16
       22802.0   4.51040e-16
       22859.0   4.49360e-16
       22916.0   4.46440e-16
       22973.0   4.42050e-16
       23029.0   4.37810e-16
       23086.0   4.32140e-16
       23143.0   4.27290e-16
       23200.0   4.21870e-16
       23256.0   4.17040e-16
       23313.0   4.12440e-16
       23370.0   4.07730e-16
       23427.0   4.05210e-16
       23483.0   4.04360e-16
       23540.0   4.01840e-16
       23597.0   3.96320e-16
       23654.0   3.93880e-16
       23711.0   3.90850e-16
       23767.0   3.86340e-16
       23824.0   3.84500e-16
       23881.0   3.80870e-16
       23938.0   3.76590e-16
       23994.0   3.73520e-16
       24051.0   3.69460e-16
       24108.0   3.64880e-16
       24165.0   3.60410e-16
       24221.0   3.57250e-16
       24278.0   3.56750e-16
       24335.0   3.55430e-16
       24392.0   3.50600e-16
       24448.0   3.45170e-16
       24505.0   3.41000e-16
       24562.0   3.39760e-16
       24619.0   3.38660e-16
       24676.0   3.36160e-16
       24750.0   3.28752e-16
       24850.0   3.24359e-16
       24950.0   3.17011e-16
       25050.0   3.15122e-16
       25150.0   3.10462e-16
       25250.0   3.01360e-16
       25350.0   3.00922e-16
       25450.0   2.97785e-16
       25550.0   2.91761e-16
       25650.0   2.80809e-16
       25750.0   2.83831e-16
       25850.0   2.80897e-16
       25950.0   2.76767e-16
       26050.0   2.68551e-16
       26150.0   2.55185e-16
       26250.0   2.38673e-16
       26350.0   2.55715e-16
       26450.0   2.57458e-16
       26550.0   2.54326e-16
       26650.0   2.48012e-16
       26750.0   2.31325e-16
       26850.0   2.41202e-16
       26950.0   2.41086e-16
       27050.0   2.38278e-16
       27150.0   2.35190e-16
       27250.0   2.31912e-16
       27350.0   2.28348e-16
       27450.0   2.23329e-16
       27550.0   2.06499e-16
       27650.0   2.11258e-16
       27750.0   2.15320e-16
       27850.0   2.13496e-16
       27950.0   2.11134e-16
       28050.0   2.08273e-16
       28150.0   2.05464e-16
       28250.0   2.02712e-16
       28350.0   2.00015e-16
       28450.0   1.96825e-16
       28550.0   1.93394e-16
       28650.0   1.85966e-16
       28750.0   1.73259e-16
       28850.0   1.84168e-16
       28950.0   1.83850e-16
       29050.0   1.82148e-16
       29150.0   1.79747e-16
       29250.0   1.77521e-16
       29350.0   1.75265e-16
       29450.0   1.72995e-16
       29550.0   1.70783e-16
       29650.0   1.68593e-16
       29750.0   1.66436e-16
       29850.0   1.64324e-16
       29950.0   1.62217e-16
       30050.0   1.60100e-16
       30150.0   1.57589e-16
       30250.0   1.54374e-16
       30350.0   1.43062e-16
       30450.0   1.44559e-16
       30550.0   1.49032e-16
       30650.0   1.48093e-16
       30750.0   1.46658e-16
       30850.0   1.44776e-16
       30950.0   1.43060e-16
       31050.0   1.41292e-16
       31150.0   1.39482e-16
       31250.0   1.37846e-16
       31350.0   1.36191e-16
       31450.0   1.34506e-16
       31550.0   1.32948e-16
       31650.0   1.31375e-16
       31750.0   1.29744e-16
       31850.0   1.28243e-16
       31950.0   1.26708e-16
       32100.0   1.24448e-16
       32300.0   1.21535e-16
       32500.0   1.18687e-16
       32700.0   1.15534e-16
       32900.0   1.06670e-16
       33100.0   1.08291e-16
       33300.0   1.07646e-16
       33500.0   1.05380e-16
       33700.0   1.02947e-16
       33900.0   1.00699e-16
       34100.0   9.84817e-17
       34300.0   9.63414e-17
       34500.0   9.42584e-17
       34700.0   9.21907e-17
       34900.0   9.01924e-17
       35100.0   8.82420e-17
       35300.0   8.63410e-17
       35500.0   8.44880e-17
       35700.0   8.26682e-17
       35900.0   8.09454e-17
       36100.0   7.91865e-17
       36300.0   7.75847e-17
       36500.0   7.58650e-17
       36700.0   7.43992e-17
       36900.0   7.25918e-17
       37100.0   7.11912e-17
       37300.0   6.78231e-17
       37500.0   6.56451e-17
       37700.0   6.69636e-17
       37900.0   6.57969e-17
       38100.0   6.40951e-17
       38300.0   6.28949e-17
       38500.0   6.20175e-17
       38700.0   6.07802e-17
       38900.0   5.94185e-17
       39100.0   5.74948e-17
       39300.0   5.72482e-17
       39500.0   5.62468e-17
       39700.0   5.51813e-17
       39900.0   5.40277e-17
       40100.0   5.23107e-17
       40300.0   5.09960e-17
       40500.0   4.85539e-17
       40700.0   4.98409e-17
       40900.0   4.91793e-17
       41100.0   4.83949e-17
       41300.0   4.74386e-17
       41500.0   4.63113e-17
       41700.0   4.39447e-17
       41900.0   4.45702e-17
       42100.0   4.40427e-17
       42300.0   4.32986e-17
       42500.0   4.25148e-17
       42700.0   4.17513e-17
       42900.0   4.10020e-17
       43100.0   4.02685e-17
       43300.0   3.95487e-17
       43500.0   3.86884e-17
       43700.0   3.66196e-17
       43900.0   3.68460e-17
       44100.0   3.67711e-17
       44300.0   3.61966e-17
       44500.0   3.55697e-17
       44700.0   3.50029e-17
       44900.0   3.43484e-17
       45100.0   3.37655e-17
       45300.0   3.31898e-17
       45500.0   3.26262e-17
       45700.0   3.20679e-17
       45900.0   3.15147e-17
       46100.0   3.09634e-17
       46300.0   3.03024e-17
       46500.0   2.83443e-17
       46700.0   2.79291e-17
       46900.0   2.86633e-17
       47100.0   2.84706e-17
       47300.0   2.80493e-17
       47500.0   2.76019e-17
       47700.0   2.71625e-17
       47900.0   2.67310e-17
       48100.0   2.63027e-17
       48300.0   2.58836e-17
       48500.0   2.54719e-17
       48700.0   2.50675e-17
       48900.0   2.46718e-17
       49100.0   2.42817e-17
       49300.0   2.39014e-17
       49500.0   2.35292e-17
       49700.0   2.31581e-17
       49900.0   2.28032e-17
       50100.0   2.24491e-17
       50300.0   2.20945e-17
       50500.0   2.17637e-17
       50700.0   2.14226e-17
       50900.0   2.10541e-17
       51100.0   2.05766e-17
       51300.0   1.94200e-17
       51500.0   2.00142e-17
       51700.0   1.98079e-17
       51900.0   1.95579e-17
       52100.0   1.92817e-17
       52300.0   1.89966e-17
       52500.0   1.86926e-17
       52700.0   1.83976e-17
       52900.0   1.81697e-17
       53100.0   1.79336e-17
       53300.0   1.76835e-17
       53500.0   1.73882e-17
       53700.0   1.70836e-17
       53900.0   1.68402e-17
       54100.0   1.66568e-17
       54300.0   1.64451e-17
       54500.0   1.62127e-17
       54700.0   1.59821e-17
       54900.0   1.57372e-17
       55100.0   1.54566e-17
       55300.0   1.51706e-17
       55500.0   1.50581e-17
       55700.0   1.48899e-17
       55900.0   1.46805e-17
       56100.0   1.44803e-17
       56300.0   1.42804e-17
       56500.0   1.40851e-17
       56700.0   1.38835e-17
       56900.0   1.36438e-17
       57100.0   1.33072e-17
       57300.0   1.32609e-17
       57500.0   1.31405e-17
       57700.0   1.29737e-17
       57900.0   1.27985e-17
       58100.0   1.26284e-17
       58300.0   1.24513e-17
       58500.0   1.22762e-17
       58700.0   1.20962e-17
       58900.0   1.18264e-17
       59100.0   1.11880e-17
       59300.0   1.15344e-17
       59500.0   1.12554e-17
       59700.0   1.12181e-17
       59900.0   1.11771e-17
       60100.0   1.10492e-17
       60300.0   1.09122e-17
       60500.0   1.07739e-17
       60700.0   1.06372e-17
       60900.0   1.05011e-17
       61100.0   1.03666e-17
       61300.0   1.02530e-17
       61500.0   1.01251e-17
       61700.0   9.99585e-18
       61900.0   9.86356e-18
       62100.0   9.72917e-18
       62300.0   9.60343e-18
       62500.0   9.47466e-18
       62700.0   9.30679e-18
       62900.0   8.94553e-18
       63100.0   9.05169e-18
       63300.0   9.01016e-18
       63500.0   8.91226e-18
       63700.0   8.81883e-18
       63900.0   8.71451e-18
       64200.0   8.55677e-18
       64600.0   8.35152e-18
       65000.0   8.15121e-18
       65400.0   7.95817e-18
       65800.0   7.76928e-18
       66200.0   7.58610e-18
       66600.0   7.40948e-18
       67000.0   7.22997e-18
       67400.0   7.02451e-18
       67800.0   6.72213e-18
       68200.0   6.72854e-18
       68600.0   6.59486e-18
       69000.0   6.44723e-18
       69400.0   6.29824e-18
       69800.0   6.16183e-18
       70200.0   6.02572e-18
       70600.0   5.89187e-18
       71000.0   5.75465e-18
       71400.0   5.63753e-18
       71800.0   5.51514e-18
       72200.0   5.39465e-18
       72600.0   5.26765e-18
       73000.0   5.16287e-18
       73400.0   5.05741e-18
       73800.0   4.94491e-18
       74200.0   4.82289e-18
       74600.0   4.57933e-18
       75000.0   4.43321e-18
       75400.0   4.50852e-18
       75800.0   4.44447e-18
       76200.0   4.36230e-18
       76600.0   4.27658e-18
       77000.0   4.18994e-18
       77400.0   4.09734e-18
       77800.0   3.99566e-18
       78200.0   3.93494e-18
       78600.0   3.86470e-18
       79000.0   3.78834e-18
       79400.0   3.71382e-18
       79800.0   3.64074e-18
       80200.0   3.56962e-18
       80600.0   3.50017e-18
       81000.0   3.42970e-18
       81400.0   3.33752e-18
       81800.0   3.28515e-18
       82200.0   3.23851e-18
       82600.0   3.17758e-18
       83000.0   3.11752e-18
       83400.0   3.05849e-18
       83800.0   3.00105e-18
       84200.0   2.94527e-18
       84600.0   2.89081e-18
       85000.0   2.83740e-18
       85400.0   2.78507e-18
       85800.0   2.73383e-18
       86200.0   2.67749e-18
       86600.0   2.59313e-18
       87000.0   2.57469e-18
       87400.0   2.49146e-18
       87800.0   2.44713e-18
       88200.0   2.44775e-18
       88600.0   2.40697e-18
       89000.0   2.36438e-18
       89400.0   2.32282e-18
       89800.0   2.28187e-18
       90200.0   2.24205e-18
       90600.0   2.20296e-18
       91000.0   2.16472e-18
       91400.0   2.12715e-18
       91800.0   2.09062e-18
       92200.0   2.05471e-18
       92600.0   2.01795e-18
       93000.0   1.98450e-18
       93400.0   1.94599e-18
       93800.0   1.87904e-18
       94200.0   1.87106e-18
       94600.0   1.85270e-18
       95000.0   1.82237e-18
       95400.0   1.79220e-18
       95800.0   1.76476e-18
       96200.0   1.73583e-18
       96600.0   1.70754e-18
       97000.0   1.67980e-18
       97400.0   1.65264e-18
       97800.0   1.62608e-18
       98200.0   1.59857e-18
       98600.0   1.57131e-18
       99000.0   1.54965e-18
       99400.0   1.52523e-18
       99800.0   1.50128e-18
       100200.   1.47781e-18
       102500.   1.35092e-18
       105000.   1.22798e-18
       107500.   1.11877e-18
       110000.   1.02162e-18
       112500.   9.34779e-19
       115000.   8.56779e-19
       117500.   7.86828e-19
       120000.   7.23998e-19
       122500.   6.67068e-19
       125000.   6.15838e-19
       127500.   5.69272e-19
       130000.   5.27077e-19
       132500.   4.88647e-19
       135000.   4.53768e-19
       137500.   4.21795e-19
       140000.   3.92728e-19
       142500.   3.66028e-19
       145000.   3.41601e-19
       147500.   3.19121e-19
       150000.   2.98521e-19
       152500.   2.79530e-19
       155000.   2.62009e-19
       157500.   2.45916e-19
       160000.   2.30966e-19
       162500.   2.17142e-19
       165000.   2.04350e-19
       167500.   1.92504e-19
       170000.   1.81467e-19
       172500.   1.71234e-19
       175000.   1.61742e-19
       177500.   1.52877e-19
       180000.   1.44598e-19
       182500.   1.36858e-19
       185000.   1.29665e-19
       187500.   1.22935e-19
       190000.   1.16634e-19
       192500.   1.10732e-19
       195000.   1.05200e-19
       197500.   1.00014e-19
       200000.   9.51469e-20
       205000.   8.61986e-20
       210000.   7.82793e-20
       215000.   7.12565e-20
       220000.   6.50171e-20
       225000.   5.94242e-20
       230000.   5.44221e-20
       235000.   4.99427e-20
       240000.   4.59095e-20
       245000.   4.22875e-20
       250000.   3.90038e-20
       255000.   3.60360e-20
       260000.   3.33389e-20
       265000.   3.08958e-20
       270000.   2.86706e-20
       275000.   2.66408e-20
       280000.   2.47884e-20
       285000.   2.30960e-20
       290000.   2.15484e-20
       295000.   2.01248e-20
       300000.   1.88145e-20
       305000.   1.76133e-20
       310000.   1.64999e-20
       315000.   1.54779e-20
       320000.   1.45339e-20
       325000.   1.36614e-20
       330000.   1.28543e-20
       335000.   1.21031e-20
       340000.   1.14074e-20
       345000.   1.07589e-20
       350000.   1.01577e-20
       355000.   9.59915e-21
       360000.   9.07443e-21
       365000.   8.58711e-21
       370000.   8.13147e-21
       375000.   7.70783e-21
       380000.   7.30873e-21
       385000.   6.93735e-21
       390000.   6.58706e-21
       395000.   6.26082e-21
       400000.   5.95276e-21
